p_ar_mois,p_ar_vol,p_ar_ash,p_ar_fc,p_ar_sul
31.94,24.98,26.55,16.53,2.575
30.65,25.63,27.81,15.91,3.197
31.63,25.19,26.23,16.95,2.742
31.48,25.45,25.58,17.49,2.718
31.21,25.32,27.46,16.01,2.64
31.15,26.11,25.82,16.92,3.119
30.27,24.66,29.48,15.59,2.488
29.65,25.22,28.7,16.43,2.632
30.22,24.94,28.04,16.8,2.69
30.32,25.4,28.01,16.27,3.046
31.46,24.87,27.6,16.07,2.487
32.6,26.69,23.91,16.8,2.929
32.11,25.44,24.33,18.12,2.502
31.6,25.22,25.56,17.62,2.54
32.39,26.88,23.83,16.9,2.999
30.84,25.44,25.83,17.89,2.533
30.68,26.43,25.73,17.16,2.412
30.71,26.8,24.21,18.28,2.94
31.36,25.97,24.86,17.81,2.677
34.51,25.93,21.37,18.19,2.651
33.83,25.99,20.87,19.31,2.798
33.8,26.07,20.27,19.86,2.372
32.76,25.08,25.56,16.6,2.858
31.45,24.9,25.63,18.02,2.518
30.9,25.29,25.5,18.31,2.505
30.48,26.11,27.21,16.2,3.108
31.06,25.84,24.85,18.25,2.659
31.13,25.29,24.72,18.86,2.747
30.28,25.66,27.21,16.85,3.208
32.43,25.02,22.72,19.83,2.584
32.25,24.93,25.15,17.67,2.818
30.85,24.87,26.75,17.53,2.674
29.65,24.78,28.31,17.26,3.002
31.01,24.86,25.66,18.47,2.75
30.68,25.39,25.33,18.6,2.841
31.01,25.6,23.01,20.38,2.677
29.6,25.44,29.85,15.11,2.983
29.35,24.96,27.23,18.46,2.814
30.93,24.88,25.37,18.82,2.63
29.04,25.81,26.64,18.51,2.803
29.67,26.89,27.63,15.81,3.043
30.71,25.31,25.71,18.27,2.739
30.62,27,24.59,17.79,3.13
29.17,26.29,24.78,19.76,2.753
31.15,26.14,23.99,18.72,2.813
30.14,26.31,25.84,17.71,3.381
29.57,27.13,23.63,19.67,3.052
29.95,25.51,27.5,17.04,3.17
30.77,27.15,23.28,18.8,2.994
29.87,26.52,23.68,19.93,2.861
30.46,26.73,22.44,20.37,2.811
31.26,26.47,25.5,16.77,3.056
32.44,26.44,21.32,19.8,2.915
31.58,26.91,21.36,20.15,3.097
30.65,27.01,22.75,19.59,3.063
32.36,25.03,25.33,17.28,2.571
31.32,25.91,25.31,17.46,3.082
32.79,26.47,19.23,21.51,2.692
32.04,26.28,20.94,20.74,2.666
32.11,25.25,22.91,19.73,2.898
30.75,25.66,26.18,17.41,2.768
30.59,25.76,26.78,16.87,3.215
31.41,25.57,22.88,20.14,2.84
33.75,26.2,22.12,17.93,2.949
32.71,25.48,23.46,18.35,2.904
33.28,25.28,22.64,18.8,2.965
34.58,26.15,20.6,18.67,3.308
33.16,25.2,25.38,16.26,2.447
32.61,25.41,24.98,17,3.2
30.92,25.76,25.03,18.29,2.544
30.77,24.97,27.49,16.77,2.472
31.72,26.56,26.02,15.7,3.193
31.59,26.7,25.54,16.17,2.794
31.19,26.19,27.84,14.78,2.899
31.23,25.6,26.69,16.48,2.672
32.03,24.28,26.26,17.43,2.477
31.96,26.31,26.07,15.66,3.153
32.27,24.48,25.78,17.47,2.51
31.65,24.47,27.4,16.48,2.505
31.14,25.99,28.61,14.26,2.815
31.31,25.69,28.3,14.7,3.05
33.3,26.38,21.45,18.87,2.906
32.95,25.71,23.32,18.02,3.071
30.92,25.51,26.12,17.45,2.894
30.37,25.63,26.08,17.92,2.966
31.95,26.49,22.51,19.05,2.806
31.14,26.59,24.99,17.28,2.881
32.99,26.66,20.07,20.28,3.009
32.67,26.82,17.68,22.83,2.79
33.69,26.98,17.58,21.75,3.3
32.53,26.39,19.47,21.61,2.752
33.23,26.43,21.62,18.72,2.909
33.26,25.99,22.23,18.52,2.801
33.43,26.35,21.39,18.83,2.692
32.44,25.86,23.75,17.95,2.749
30.65,24.7,26.42,18.23,3.042
29.75,23.52,29.38,17.35,2.36
30.69,24.37,25.05,19.89,2.499
30.03,23.87,28.4,17.7,2.435
33.16,26.34,23.38,17.12,2.253
33.4,25.91,23.18,17.51,2.332
33.99,26.13,22.83,17.05,2.467
33.44,25.84,22.09,18.63,2.462
33.57,25.45,20.32,20.66,2.427
33.71,25.57,20.29,20.43,2.308
28.72,28.88,18.47,23.93,2.394
33.76,25.1,19.76,21.38,2.778
33.37,25.66,22.15,18.82,2.558
32.49,25.54,25.02,16.95,2.622
31.14,26.18,22.63,20.05,2.917
31.8,26.43,21.8,19.97,2.935
31.7,26.34,21.89,20.07,3.054
31.9,26.16,22.41,19.53,2.781
31.06,26.14,23.54,19.26,2.83
31.09,26.11,24.75,18.05,2.82
31.64,26.16,22.33,19.87,3.134
31.64,26.06,23.02,19.28,3.11
30.66,25,26.35,17.99,2.902
31.22,25.53,22.67,20.58,2.941
30.73,25.37,23.83,20.07,2.883
33.82,23.57,26.48,16.13,2.755
34.03,25.71,20.3,19.96,2.545
32.93,25.96,21.91,19.2,2.661
33.05,25.74,22.34,18.87,2.638
31.73,23.29,26.48,18.5,2.673
30.03,23.65,27.93,18.39,2.919
31.84,25.16,23.5,19.5,2.754
32.04,25.17,23.02,19.77,2.695
33.18,26.11,23.86,16.85,2.402
32.19,26.19,23.28,18.34,2.848
33.41,24.68,23.71,18.2,3.006
33.15,24.15,24.86,17.84,2.802
33.32,24.67,22.29,19.72,2.711
32.84,23.93,26.63,16.6,2.565
32.26,24.67,23.91,19.16,2.613
32.62,24.11,24.39,18.88,2.804
34.18,24.97,23.47,17.38,3.414
34.31,24.95,23.23,17.51,3.453
34.08,25.71,24.06,16.15,3.234
35.13,24.99,23.39,16.49,3.42
34.21,25.42,25.03,15.34,2.772
33.02,24.33,27.96,14.69,2.511
33.97,25.39,23.1,17.54,2.714
33.95,25.75,22.94,17.36,2.797
28.74,23.06,34.64,13.56,2.476
29.89,23.56,29.84,16.71,2.799
29.74,22.99,30.64,16.63,2.763
28.43,23.52,29.53,18.52,3.443
30.24,23.89,25.43,20.44,3.066
27.75,23.92,31.67,16.66,2.994
30.47,24.22,25.65,19.66,2.794
28.81,24.15,29.7,17.34,2.936
31.31,23.34,29.06,16.29,2.664
31.03,23.2,26.03,19.74,3.06
30.67,23.95,26.97,18.41,2.897
31.05,23.97,26.56,18.42,2.748
31.24,24.62,25.02,19.12,2.885
31.45,23.52,27.74,17.29,2.632
28.54,22.56,33.51,15.39,3.093
31.61,27.12,23.2,18.07,2.831
32.39,27.22,22.62,17.77,3.305
32.05,27.56,23.28,17.11,2.874
32.75,26.52,20.67,20.06,3.013
33.35,27.23,18.94,20.48,3.006
32.91,26.65,20.19,20.25,3.005
31.87,25.31,25.2,17.62,2.774
31.99,27.81,24.63,15.57,3.261
30.85,27.05,24.93,17.17,3.161
31.78,27.54,23.65,17.03,3.884
30.83,26.88,24.53,17.76,3.177
30.32,27.19,24.65,17.84,3.172
28.98,26.57,27.23,17.22,3.13
26.78,25.96,32.61,14.65,3.687
29.54,26.88,25.94,17.64,3.203
29.74,27.13,25.58,17.55,3.206
29.26,26.14,29.76,14.84,2.939
27.23,25.52,32.05,15.2,3.079
30.45,27.23,26.21,16.11,2.989
29.96,26.83,27.34,15.87,2.931
30.44,24.92,29.74,14.9,2.896
32.48,27.09,25.13,15.3,3.448
30.69,25.45,28.31,15.55,3.078
31.62,25.5,28.04,14.84,2.92
30.29,24.61,30.24,14.86,2.956
31.08,25.26,29.55,14.11,3.177
30.3,25.07,29.5,15.13,3.04
31.47,24.54,29.47,14.52,2.833
29.64,24.61,30.89,14.86,2.976
31.76,26.1,26.7,15.44,2.86
30.61,27.45,23.98,17.96,3.03
29.62,25.74,29.2,15.44,2.887
29.8,26.56,28.35,15.29,2.937
32.25,24.94,26.61,16.2,2.944
28.91,26.87,28.37,15.85,2.908
31.59,27.96,23.83,16.62,3.282
29.57,26.86,26.22,17.35,2.818
29.33,25.81,28.79,16.07,2.971
29.8,27.4,29.29,13.51,3.367
30.01,25.85,27.2,16.94,2.993
29.84,26.03,29.34,14.79,2.763
28.74,26.4,28.43,16.43,2.961
28.55,28.5,28.64,14.31,3.566
28.92,25.73,28.3,17.05,2.89
29.87,24.94,30.07,15.12,2.72
28.49,23.61,33.36,14.54,2.566
29.51,25.03,28.71,16.75,2.767
31.29,27.44,27.22,14.05,3.225
28.57,26.32,28.12,16.99,2.873
30.19,25.79,28.42,15.6,2.812
31.54,28.29,24.43,15.74,3.303
29.06,26.54,27.6,16.8,2.806
29.45,27.11,26.83,16.61,2.799
32.54,28.01,22.09,17.36,3.228
28.48,25.81,29.56,16.15,2.977
27.91,26.16,29.95,15.98,2.915
29.35,25.68,29.64,15.33,2.93
28.81,27.06,29.35,14.78,3.16
27.54,25.86,32.78,13.82,3.063
27.3,25.58,32.78,14.34,3.055
30.16,26.79,29.35,13.7,3.132
31.71,26.65,28.06,13.58,3.534
29.27,26.34,28.33,16.06,3.157
28.54,26.25,29.42,15.79,3.129
28.88,26.1,29.12,15.9,3.072
27.2,27.43,30.13,15.24,3.005
27.56,28.96,31.35,12.13,3.402
26.16,27.24,31.04,15.56,3.091
26.2,27.52,31.02,15.26,3.124
29.92,25.72,28.52,15.84,2.655
29.79,26.13,27.52,16.56,2.871
28.99,26.06,29.08,15.87,2.847
25.27,26.52,32.6,15.61,3.085
26.6,27.51,29.02,16.87,2.752
26.46,27.39,28.73,17.42,2.834
29.74,27.55,27.98,14.73,3.14
29.37,26.18,30.48,13.97,3.216
29.09,26.72,27.64,16.55,3.025
30,26.32,27.19,16.49,3.017
27.39,25.02,32.69,14.9,2.893
29.17,27.28,28.96,14.59,3.779
28.55,25.31,30.97,15.17,2.828
29.06,24.97,30.73,15.24,2.73
26.8,27.52,29.14,16.54,3.136
27.51,26.58,30.51,15.4,3.022
29.56,27.04,27,16.4,3.492
27.8,27.42,28.2,16.58,3.172
31.3,28.26,22.51,17.93,2.633
32.16,27.57,22.03,18.24,3.054
32.63,25.93,24.68,16.76,2.712
33.63,27.95,21.46,16.96,2.719
28.67,27.56,27.2,16.57,3.036
27.89,26.12,30.68,15.31,2.972
30.06,28.62,25.59,15.73,3.675
27.56,25.93,29.86,16.65,2.819
30.66,26.68,26.72,15.94,2.928
28.85,26.01,30.14,15,2.977
28.64,26.68,28.07,16.61,2.859
30.12,28.55,26.02,15.31,3.446
32.28,28.13,26.49,13.1,3.342
32.5,28.33,25.4,13.77,3.395
32.24,28.79,24.48,14.49,3.499
32.22,27.61,24.48,15.69,3.559
28.11,27.22,27.56,17.11,2.817
27.52,27.99,29.46,15.03,3.591
27.24,27.91,27.78,17.07,2.981
27.88,27.59,26.87,17.66,2.891
30.36,26.68,26.04,16.92,2.973
28.11,26.69,29.16,16.04,2.853
27.58,26.58,29.89,15.95,2.832
30.69,25.83,26.66,16.82,3.088
30.36,26.34,26.65,16.65,2.845
30.75,28.21,27.08,13.96,3.338
29.12,25.33,30.35,15.2,2.768
28.76,26.27,30.44,14.53,3.142
30.56,26.97,26.05,16.42,2.918
30.17,26.77,26.81,16.25,2.955
28.67,26.27,29.39,15.67,2.811
30.7,28.94,23.82,16.54,3.488
28.24,27,27.68,17.08,2.851
28.58,26.67,27.56,17.19,2.866
29.95,28.08,22.31,19.66,2.916
30.57,26.33,28.3,14.8,2.853
31.12,29.65,20.97,18.26,3.346
31.83,27.2,22.96,18.01,2.832
32.57,26.68,25.5,15.25,2.771
32.33,27.04,24.65,15.98,2.8
34.24,26.27,24.31,15.18,2.781
30.13,27.52,27.41,14.94,3.853
31.44,28.39,23.59,16.58,3.603
31.27,28.59,23.02,17.12,3.744
30.97,27.96,26.72,14.35,3.404
30.25,26.76,28.38,14.61,3.288
31.61,25.96,25.01,17.42,3.031
31.68,26.56,24.57,17.19,2.989
31.31,26.57,25.96,16.16,3.129
31.6,26.43,27.14,14.83,3.339
30.39,26.85,25.55,17.21,3.105
32.27,26.5,24.88,16.35,2.978
29.86,25.41,31.47,13.26,3.278
31.56,26.86,25.26,16.32,2.909
31.52,27.23,24.61,16.64,2.858
31.16,26.99,26.28,15.57,2.767
29.59,25,31.22,14.19,3.137
31.4,26.79,25.5,16.31,2.884
31.37,26.92,25.34,16.37,2.909
31.58,25.86,28.63,13.93,2.706
31.88,25.39,28.46,14.27,2.804
32.96,25.46,27.11,14.47,2.805
32.38,26.89,24.55,16.18,2.714
32.85,27.38,26.32,13.45,3.228
31.97,25.61,26.83,15.59,2.803
32.78,25.84,25.62,15.76,2.799
31.41,24.88,28.98,14.73,2.811
29.9,28.08,29.91,12.11,3.441
30.44,26.42,26.25,16.89,2.907
30.15,26.75,26.83,16.27,2.953
29.97,26.68,27.36,15.99,2.957
33.08,27.25,25.79,13.88,3.36
29.63,26.46,27.46,16.45,2.907
29.6,26.5,28.15,15.75,2.888
30.3,25.36,29.22,15.12,2.804
31.51,26.76,27.66,14.07,3.476
30.8,26.46,26.62,16.12,2.691
30.39,26.43,27.16,16.02,2.829
34.62,26.58,24.63,14.17,3.628
31.04,26.15,25.87,16.94,2.81
30.97,26.22,26.56,16.25,2.95
30.83,26.47,26.66,16.04,2.935
31.56,26.95,27.67,13.82,3.519
30.25,26.35,27.2,16.2,2.865
30.98,26.32,24.96,17.74,2.901
30.55,26.66,25.33,17.46,3.001
31.52,26.81,28.42,13.25,3.678
31.01,25.04,28.07,15.88,3.138
31.25,26.29,27.58,14.88,2.844
30.97,25.7,29.14,14.19,3.462
28.5,26.99,30.26,14.25,2.825
28.73,27.02,29.93,14.32,2.746
29.58,26.51,28.53,15.38,2.772
30.22,26.7,28.85,14.23,3.712
29.19,27.05,28.01,15.75,2.95
29.25,27.41,27.36,15.98,2.933
30.8,27.63,26.8,14.77,3.644
29.79,27.31,25.62,17.28,2.998
31.1,25.21,28.28,15.41,2.916
32.09,24.86,27.26,15.79,2.78
31.2,26.91,29.23,12.66,3.552
31.25,26.28,27.98,14.49,2.957
32.11,26.43,25.46,16,2.913
29.14,27.08,31.23,12.55,3.35
29.03,25.32,31.68,13.97,2.955
28.69,25.44,31.03,14.84,3.009
28.78,25.51,30.94,14.77,3.032
28.6,27.62,30.27,13.51,3.464
28.56,26.75,32.39,12.3,3.163
29.29,27.07,28.39,15.25,2.998
29.31,27,29.07,14.62,3.029
31.5,24.91,28.72,14.87,2.703
31.12,25.41,28.41,15.06,2.725
31,26.18,27.87,14.95,2.79
30.63,25.18,28,16.19,2.582
29.06,26.79,32.34,11.81,3.514
28.91,26.5,30.58,14.01,3.156
28.77,26.65,28.38,16.2,2.61
29.24,26.81,27.64,16.31,2.604
32.08,26.39,25.33,16.2,2.752
31.5,26.53,26.17,15.8,2.873
32.1,25.82,26.31,15.77,2.929
28.65,26.38,30.55,14.42,3.602
29.96,27.05,26.34,16.65,3.167
29.42,27.48,26.05,17.05,3.109
29.39,27.28,26.48,16.85,3.147
32.03,25.86,28.67,13.44,3.369
32.83,25.69,26.28,15.2,2.883
32.95,25.82,25.13,16.1,2.891
32.74,26,24.82,16.44,2.881
29.99,27.01,27.46,15.54,2.934
30.22,27.29,25.59,16.9,2.91
31.77,25.89,28.64,13.7,3.126
30.58,26.21,27.49,15.72,3.329
34.27,24.76,26.04,14.93,2.601
34.02,24.46,26.41,15.11,2.563
34.21,25.28,25.16,15.35,2.558
33.68,25.89,26.47,13.96,2.821
32.34,26.87,26.22,14.57,3.339
31.84,26.52,25.14,16.5,2.902
32.09,26.31,26.19,15.41,2.884
30.48,24.99,28.91,15.62,2.825
30.05,25.58,27.35,17.02,2.805
29.24,25.7,28.14,16.92,2.61
29.86,25.41,29.81,14.92,2.733
32.19,24.87,27.59,15.35,2.842
32,25.08,27.16,15.76,3.145
31.76,25.58,27.01,15.65,2.842
31.4,25.74,27.38,15.48,2.958
31.26,25.48,29.64,13.62,3.058
29.99,25.92,28.94,15.15,3.043
30.32,25.98,28.08,15.62,3.122
32.84,25.87,28.46,12.83,3.061
29.98,25.48,30.59,13.95,3.208
31.96,24.95,29.08,14.01,2.88
31.98,25.5,29.16,13.36,2.656
34.39,26.1,25.31,14.2,3.308
32.41,25.23,27.42,14.94,2.848
31.77,25.56,28.18,14.49,2.872
29.85,25.54,31.06,13.55,3.605
30.07,27.65,26.62,15.66,3.246
29.31,27.02,27.94,15.73,3.094
29.55,26.83,28,15.62,3.31
30.3,27.38,26.52,15.8,3.155
29.46,26.84,28.11,15.59,3.055
29.51,26.61,28.67,15.21,3.1
30.56,26.13,28.47,14.84,2.787
31.01,25.34,27.66,15.99,2.781
32.36,25.15,28.07,14.42,2.947
31.5,26.58,26.49,15.43,2.971
32.53,26.44,25.91,15.12,3.144
32.17,26.14,25.38,16.31,2.864
31.54,27.19,24.41,16.86,2.885
31.73,24.9,30.63,12.74,2.662
32.37,25.7,26.34,15.59,2.808
32.79,26.03,25.43,15.75,2.743
32.79,25.33,27.3,14.58,2.875
31.88,26.42,26.4,15.3,2.905
31.75,26.38,26.27,15.6,2.911
32.46,25.33,27.46,14.75,3.172
31.44,25.95,27.1,15.51,2.943
31.57,26.12,25.75,16.56,2.958
31.55,26.28,26.46,15.71,3.034
31.85,25.16,28.02,14.97,2.721
31.75,25.88,27.46,14.91,2.717
31.54,25.72,30.04,12.7,2.691
31.34,27.63,25.1,15.93,3.298
32.26,26.3,25.21,16.23,3.052
34.94,25.86,26.84,12.36,2.988
34.05,25.94,24.22,15.79,2.852
34.11,25.43,25.42,15.04,2.761
33.58,25.35,25.96,15.11,2.71
30.28,24.67,30.45,14.6,3.058
33.81,25.59,24.98,15.62,2.803
32.32,26.15,27.27,14.26,2.768
31.55,25.12,27.12,16.21,2.717
30.74,25.42,28.33,15.51,2.893
33.82,26.24,27.89,12.05,3.129
32.07,26.71,25.5,15.72,2.837
31.34,25.47,29.03,14.16,2.859
31.4,26.23,27.18,15.19,3.043
31.66,26.42,27.74,14.18,3.134
32.68,25.91,25.88,15.53,3.013
31.53,26.82,25.5,16.15,2.914
30.96,25.75,30.58,12.71,3.265
29.72,24.5,29.36,16.42,2.985
29.08,24.52,29.75,16.65,2.949
29.36,25.45,31.32,13.87,3.013
27.66,26.81,29.99,15.54,3.064
28.84,26.65,29.94,14.57,3.159
29.26,26.65,29.1,14.99,3.256
29.15,28.3,28.98,13.57,3.22
29.31,26.52,29.58,14.59,3.02
28.73,24.92,32.75,13.6,2.939
28.25,26.39,31.16,14.2,2.994
28.83,26.64,28.99,15.54,2.912
30.49,27.34,28.26,13.91,3.287
29.6,26.39,27.6,16.41,2.995
29.94,27,25.04,18.02,3.193
31.2,27.23,27.18,14.39,3.161
30.88,25.28,29.61,14.23,3.114
30.57,26.51,28.92,14,3.287
31.46,26.71,26.67,15.16,3.056
31.1,24.28,30.08,14.54,3.028
30.88,25.84,29.24,14.04,3.503
30.88,25.49,28.05,15.58,2.997
30.28,25.37,29.11,15.24,2.872
31.38,26.92,24.18,17.52,3.094
30.11,26.85,27.32,15.72,3.092
28.7,25.86,31.4,14.04,3.663
31.52,26.42,27.41,14.65,3.034
32.11,25.96,27.35,14.58,2.968
30.54,26.1,28.98,14.38,2.952
30.77,26,29.04,14.19,2.976
31.03,28.02,22.33,18.62,2.692
30.76,28.78,23.84,16.62,3.029
30.91,29.23,22.07,17.79,2.962
30.1,29.74,24.57,15.59,2.965
28.91,27.9,27.55,15.64,3.834
30.02,26.78,27.35,15.85,2.916
30.44,27.34,25.53,16.69,3.03
27.71,28.08,28.38,15.83,3.786
29.97,26.94,26.59,16.5,2.913
30.5,27.09,25.53,16.88,2.853
32.84,26.45,26.68,14.03,3.171
31.11,25.85,28.1,14.94,2.85
31.03,25.75,28.97,14.25,2.903
32.09,27.26,27.51,13.14,3.518
29.79,26.85,28.57,14.79,2.907
29.96,27.26,27.5,15.28,2.885
29.77,28.25,25.97,16.01,3.378
28.59,27.72,27.32,16.37,3.361
29.01,27.48,27.19,16.32,3.421
29.36,27.85,28.14,14.65,3.257
29.24,27.7,26.31,16.75,3.18
28.69,27.88,26.86,16.57,3.206
29.44,25.83,31.46,13.27,3.044
29.67,25.9,30.66,13.77,3.029
31.68,26.33,26.14,15.85,3.134
29.77,26.51,30.26,13.46,2.933
30.42,26.47,27.67,15.44,3.044
27.54,26.23,31.19,15.04,3.187
29.24,27.41,28.92,14.43,3.229
28.65,28.14,26.97,16.24,3.229
29.75,25.48,31.12,13.65,3.145
31.52,26.6,28.61,13.27,3.272
30.95,26.71,25.79,16.55,3.294
30.81,26.51,26.7,15.98,3.378
28.58,27.14,28.72,15.56,3.343
28.54,27.29,30.09,14.08,3.479
28.35,28.32,26.03,17.3,3.227
28.47,28.01,25.89,17.63,3.241
26.97,26.93,30.89,15.21,3.333
28.26,27.42,30.13,14.19,3.298
31.14,27.05,25.88,15.93,2.872
32.31,26.54,24.79,16.36,2.837
28.44,27.98,26.55,17.03,3.752
29.91,27.49,26.09,16.51,2.868
30.5,27.64,23.99,17.87,2.741
30.5,26.33,26.05,17.12,3.121
31.52,25.98,26.86,15.64,2.954
32.42,26.39,26.78,14.41,2.936
31.69,25.55,25.35,17.41,3.046
30.63,26.2,27.88,15.29,2.829
30.65,26.61,27.44,15.3,2.85
30.7,25.72,29.05,14.53,2.908
30.26,27.13,27.54,15.07,3.024
29.92,26.62,27.27,16.19,2.963
31.15,26.27,25.68,16.9,2.827
31.58,26.82,25.77,15.83,2.86
29,25.24,31.38,14.38,3.389
29.49,26.57,29.81,14.13,2.942
30.95,25.85,28.51,14.69,2.752
30.88,26.33,29.1,13.69,2.814
31.87,25.16,28.85,14.12,2.891
30.64,25.23,30.13,14,3.271
31.59,25.44,28.66,14.31,2.859
31.96,25.97,27.46,14.61,2.8
33.21,23.65,28.25,14.89,3.334
32.41,24.51,25.9,17.18,2.96
32.5,24.74,26.45,16.31,2.994
32.24,24.68,27.01,16.07,3.05
29.59,25.9,30.19,14.32,3.102
29.29,25.03,27.97,17.71,2.801
30.58,25.24,29.72,14.46,3.013
30.86,26.38,26.87,15.89,2.936
31.11,26.77,26.35,15.77,2.944
30.91,25.12,30.27,13.7,3.207
31.52,26.4,26.43,15.65,2.841
31.3,26.63,25.98,16.09,2.844
29.37,26.26,29.42,14.95,3.423
28.19,25.73,30.77,15.31,2.982
27.24,25.99,30.32,16.45,3.495
26.71,26.78,31.01,15.5,2.878
27.34,26.59,30.55,15.52,2.984
29.17,24.67,32.42,13.74,2.786
31.72,27.11,26.21,14.96,3.338
30.52,26.15,28.92,14.41,2.786
30.52,26.05,28.87,14.56,2.788
31.95,25.96,26.5,15.59,3.071
32.34,26.69,24.77,16.2,3.063
31.93,26.72,25.44,15.91,3.122
29.84,26.49,25.66,18.01,3.453
30.67,25.59,29.9,13.84,3.123
31.03,26.27,27.15,15.55,2.896
29.03,27.87,27.36,15.74,3.139
25.76,24.81,35.55,13.88,3.077
31.68,26.38,26.02,15.92,2.749
30.98,26.99,26.03,16,3.106
29.99,26.98,27.05,15.98,3.363
30.15,26.5,26.68,16.67,3.071
30.02,27.05,25.56,17.37,3.119
31.78,24.63,29.71,13.88,2.855
32.04,25.67,27.2,15.09,2.981
32.49,25.44,26.65,15.42,2.942
32.27,26.16,26.19,15.38,2.974
32.25,25.75,27.32,14.68,3.047
31.36,25.98,27.66,15,3.232
31.59,24.65,28.25,15.51,3.049
31.57,25.72,28.27,14.44,3.115
32.55,24.33,29.13,13.99,2.822
32.82,25.38,27.3,14.5,2.953
30.48,26.87,26.67,15.98,2.84
31.12,25.81,28.52,14.55,2.739
29.61,26.25,29.41,14.73,3.11
29.1,27.27,27.87,15.76,2.954
31.06,26.87,27.16,14.91,3.265
29.35,25.44,28.7,16.51,3.364
29.56,25.45,27.76,17.23,3.393
30.14,25.65,30.96,13.25,2.953
30.07,26.13,28.61,15.19,3.046
30.56,24.18,31.76,13.5,3.23
31.86,26.29,24.29,17.56,3.583
31.29,25.45,29.61,13.65,2.9
30.07,24.97,30.7,14.26,3.151
30.2,26.96,26.75,16.09,3.691
30.88,26.67,26.57,15.88,3.421
29.16,23.07,32.18,15.59,3.184
31.09,25.51,26.07,17.33,3.896
30.15,22.36,32.17,15.32,3.013
28.44,25.11,31.93,14.52,3.146
28.94,25.05,30.96,15.05,3.143
30.69,25.94,29.76,13.61,3.036
30.59,25.14,28.8,15.47,3.199
31.79,25.49,28.62,14.1,2.737
29.56,26.16,29.37,14.91,3.181
29.95,26.49,28.09,15.47,3.18
27.77,25.32,33.65,13.26,3.009
29.75,25.25,30.88,14.12,2.95
31.22,26.02,27.17,15.59,3.062
30.19,24.57,30.64,14.6,2.868
32.08,27.15,27.05,13.72,3.14
30.46,25.57,28.47,15.5,2.979
32.23,28.24,23.63,15.9,3.482
31.4,25.59,28.43,14.58,3.015
30.5,26.8,27.23,15.47,2.989
30.39,26.79,27.63,15.19,3.056
30.54,24.18,30.73,14.55,3.237
29.77,25.35,28.96,15.92,2.978
29.7,25.66,28.14,16.5,2.962
27.42,24.63,32.28,15.67,3.101
28.49,24.45,30.3,16.76,2.87
30.37,23.5,30.27,15.86,2.767
27.95,23.32,29.76,18.97,3.142
31.08,24.45,26.66,17.81,2.886
29.45,24.38,29.89,16.28,3.128
28.8,25.34,27.83,18.03,2.986
30.01,23.67,31.12,15.2,3.177
30.27,24.47,28.4,16.86,2.746
29.83,24.84,28.09,17.24,2.881
30.91,24,28.27,16.82,2.709
30.13,21.57,33.04,15.26,2.702
33.41,22.99,28.52,15.08,2.561
32.21,23.78,27.55,16.46,2.728
32.6,23.46,27.85,16.09,2.764
28.64,24.27,31.17,15.92,2.776
29.34,22.42,33.24,15,2.578
29.23,24.15,30.19,16.43,2.743
29.7,24.65,27.67,17.98,2.677
30.06,23.66,28.98,17.3,2.655
31.82,23.73,28.8,15.65,2.8
31.24,24.7,27.93,16.13,2.854
30.53,26.08,27.98,15.41,2.834
26.89,26.63,32.28,14.2,2.898
29.37,25.8,29.52,15.31,2.784
28.58,26.76,29.63,15.03,2.663
30.07,26.32,28.25,15.36,2.871
27.36,28.25,28.74,15.65,3.276
29.86,25.67,29.08,15.39,2.926
25.76,29.67,29.11,15.46,3.687
30.39,24.68,30.3,14.63,2.93
26.24,26.25,29.49,18.02,3.727
31.38,27.01,24.7,16.91,3.101
31.68,26.68,24.18,17.46,3.156
28.52,25.85,29.16,16.47,3.156
27.87,26.8,28.72,16.61,3.218
28.82,25.41,31.33,14.44,2.963
26.97,26.42,30.79,15.82,2.909
29.09,27.04,29.17,14.7,2.812
27.85,26.89,31.37,13.89,3.285
27.08,28.19,30.37,14.36,3.628
29.08,29,27.89,14.03,3.06
28.02,25.9,33.34,12.74,2.798
28.76,27.1,30.62,13.52,2.805
29.37,26.41,30.09,14.13,2.77
29.47,27.5,27.86,15.17,2.739
27.95,25.57,33.24,13.24,2.681
26.64,29.28,31.7,12.38,3.432
28.34,26.9,30.86,13.9,2.547
27.93,27.07,30.62,14.38,2.713
28.05,27.33,29.79,14.83,2.722
29.49,26.48,31.44,12.59,2.898
29.75,23.57,31.81,14.87,2.853
28.33,24.2,32.29,15.18,2.873
30.06,25.5,29.76,14.68,2.827
28.64,25.57,29.78,16.01,3.175
29.68,24.44,33.13,12.75,2.874
29.8,25.67,31.64,12.89,2.611
28.67,25.17,33.23,12.93,2.496
28.57,24.88,33.27,13.28,2.451
27.65,26.54,32.47,13.34,2.847
28.57,27.04,31.65,12.74,2.764
29.11,25.91,30.13,14.85,2.723
29.25,26.79,29.4,14.56,2.825
30.14,25.65,30.13,14.08,2.672
29.68,26.51,31.42,12.39,2.583
29.91,26.27,29.83,13.99,2.612
29.84,27.04,29.79,13.33,2.541
29.68,25.65,31.94,12.73,2.615
29.07,24.99,33.34,12.6,2.735
29.22,26.24,29.79,14.75,2.688
28.86,26.79,29.87,14.48,2.675
29.53,26.65,28.75,15.07,2.744
30.02,26.77,28.25,14.96,2.696
29.75,24.52,33.06,12.67,2.734
29.24,26.42,30.71,13.63,2.792
29.51,26.4,30.91,13.18,2.519
28.78,26.39,31.3,13.53,2.529
31.68,28.67,23.33,16.32,2.589
32.81,28.08,22.13,16.98,2.669
32.09,28.67,25.05,14.19,2.891
32.16,29.36,22.97,15.51,2.347
30.04,25.22,31.22,13.52,2.709
29.05,26.79,30.28,13.88,2.73
29.36,27.19,29.63,13.82,2.735
28.95,25.53,32.67,12.85,2.562
29.93,26.05,29.16,14.86,2.585
28.95,26.41,29.86,14.78,2.713
29.79,26.56,29.54,14.11,2.801
30.33,27.32,28.2,14.15,2.619
30.38,26.43,30.02,13.17,2.323
29.73,26.48,29.3,14.49,2.369
30.66,24.83,30.81,13.7,2.837
31.52,26.41,26.11,15.96,2.829
31.12,25.89,28.32,14.67,2.754
31.96,25.28,28.51,14.25,2.73
30.26,26.12,29.48,14.14,2.667
30.96,27.1,28.85,13.09,2.884
30.29,27.47,25.95,16.29,2.859
30.75,27.27,25.85,16.13,2.903
30.22,25.37,29.03,15.38,2.783
32.82,28.08,21.44,17.66,2.06
29.26,26.87,28.74,15.13,2.703
29.82,25.4,28.06,16.72,2.91
29.72,25.44,27.92,16.92,2.886
29.25,25.06,31.22,14.47,2.859
29.66,25.18,30.21,14.95,2.905
29.7,25.22,30.04,15.04,2.942
29.39,24.95,32.2,13.46,2.906
29.88,24.69,31.06,14.37,2.721
28.88,26.07,29.59,15.46,2.96
29.21,27.32,26,17.47,3.08
29.18,26.65,27.74,16.43,3.019
29.38,24.89,31.6,14.13,2.795
32.2,28.4,21.17,18.23,2.096
30.9,27.24,27.07,14.79,2.706
29.3,27.15,26.24,17.31,2.761
28.79,27.28,29.56,14.37,2.615
28.3,27.48,30.1,14.12,2.643
29.81,26.03,28.57,15.59,2.829
31.78,28.4,21.47,18.35,2.109
29.23,26.41,28.93,15.43,2.812
28.34,25.58,30.72,15.36,2.487
29.9,29.28,20.94,19.88,2.146
29.89,26,31.68,12.43,3.017
27.99,27.12,29.89,15,2.768
28.14,26.97,29.62,15.27,2.702
29.79,27.47,27.38,15.36,3.052
27.54,27.2,31.22,14.04,2.719
27.64,26.99,30.51,14.86,2.792
29.04,25.43,31.33,14.2,2.551
29.09,26.77,30.02,14.12,2.679
29.36,26.69,28.59,15.36,2.617
27.82,27.2,29.64,15.34,3.476
28.41,26.97,28.29,16.33,2.785
27.32,27.01,29.78,15.89,2.83
28.96,26.94,30.56,13.54,2.554
28.88,27.5,27.5,16.12,2.999
27.99,28,28.23,15.78,3.14
25.63,30.2,28.44,15.73,2.957
28.02,28.1,27.6,16.28,2.829
26.93,28.66,27.49,16.92,2.87
28.75,27.88,27.57,15.8,2.773
26.94,26.5,31.18,15.38,2.574
27.08,26.89,30.23,15.8,2.852
27.22,26.56,30.86,15.36,2.869
26.46,26.71,30.8,16.03,2.98
26.02,26.7,32.02,15.26,2.924
26.89,27.55,30.46,15.1,2.896
27.75,26.54,29.61,16.1,2.928
27.77,29.46,28.97,13.8,3.445
26.46,27.26,30.2,16.08,2.791
26.65,26.87,29.75,16.73,2.691
29.48,25.44,30.68,14.4,2.625
28.35,24.78,31.86,15.01,2.547
28.41,25.12,31.39,15.08,2.592
29.69,25.34,32.66,12.31,2.355
30.62,26.14,30.74,12.5,2.793
28.7,26.92,30.33,14.05,2.543
30.07,26.63,29.19,14.11,2.525
28.84,26.1,28.68,16.38,2.45
30.48,27.33,29.6,12.59,2.876
29.32,26.3,28.55,15.83,2.67
28.28,27.11,28.12,16.49,2.773
29.17,26.05,29.54,15.24,2.35
30.4,27.52,26.94,15.14,2.788
28.98,27.21,27.16,16.65,2.56
28.89,27.1,27.51,16.5,2.649
28.04,27.2,28.71,16.05,2.896
26.65,26.71,32.78,13.86,2.6
26.39,26.99,31.16,15.46,2.679
28.11,24.81,30.48,16.6,2.522
28.35,25.09,29.8,16.76,2.526
28.06,25.65,29.1,17.19,2.552
28.43,27.65,27.19,16.73,2.627
28.42,28.09,26.57,16.92,2.737
30.34,27.2,26.86,15.6,2.524
29.7,28.32,25.8,16.18,2.609
28.23,26.16,33.2,12.41,2.696
29.48,27.58,28.79,14.15,2.83
28.7,27.04,28.09,16.17,2.561
30.03,24.76,30.92,14.29,2.438
30.96,26.58,27.67,14.79,2.495
28.68,27.62,26.7,17,2.704
29.57,27.54,26.61,16.28,2.619
30.05,26.11,29.41,14.43,2.387
29.81,26.84,26.33,17.02,2.541
29.76,27.28,27.19,15.77,2.576
30.39,27.35,26.88,15.38,2.635
30.03,27.36,26.35,16.26,2.452
28.76,27.47,26.57,17.2,2.495
28.98,27.62,27.44,15.96,2.84
27.96,30.37,24.04,17.63,3.011
28.75,28.52,25.57,17.16,2.587
30.02,27.1,26.69,16.19,2.623
31,28.63,23.39,16.98,2.526
28.68,28.56,26.11,16.65,2.712
30.97,27.81,24.3,16.92,2.624
28.73,29.62,25.07,16.58,2.903
30.27,28.72,24.52,16.49,2.688
30.32,26.58,26.2,16.9,2.494
31.49,27.16,25.09,16.26,2.545
30.79,27.41,25.35,16.45,2.62
31.25,26.93,25.22,16.6,2.692
30.21,26.4,29.31,14.08,2.537
30.98,28.93,19.02,21.07,1.888
31.45,28.62,21.13,18.8,2.429
30.51,28.99,21.9,18.6,2.32
29.13,26.36,28.3,16.21,2.689
28.73,28.12,29.3,13.85,3.039
28.45,28.27,26.37,16.91,2.716
30.18,25.5,30.08,14.24,2.808
31.67,27.76,23.23,17.34,2.669
30.54,28.17,25.49,15.8,2.654
30.55,27.75,23.23,18.47,3.127
28.65,27.19,27.71,16.45,3.007
28.41,27.03,28.51,16.05,2.622
28.77,28.63,27.04,15.56,2.788
29.23,26.62,27.56,16.59,2.687
28.51,27.22,28.14,16.13,2.776
29.31,26.98,30,13.71,2.821
29.47,27.82,25.94,16.77,2.636
29.67,27.17,28.42,14.74,2.79
28.94,25.21,31.59,14.26,2.72
27.93,27,29.11,15.96,2.773
30.95,26.34,27.01,15.7,2.799
28.7,29.08,29.13,13.09,3.474
28.91,27.9,26.91,16.28,2.994
30.13,26.65,27.5,15.72,2.871
28.45,28.11,27.37,16.07,3.303
28.75,27.56,26.72,16.97,2.739
28.38,27.51,27.76,16.35,2.744
29.41,26.85,27.14,16.6,3.1
29.76,27.73,25.87,16.64,2.855
29.64,27.46,26.32,16.58,2.841
29.13,27.16,28.53,15.18,2.562
30.84,28.73,21.93,18.5,3.058
29.15,27.14,26.78,16.93,2.684
29.25,27,27.58,16.17,2.68
30.4,28.46,24.3,16.84,2.884
29.54,28.02,23.48,18.96,2.877
29.97,27.8,23.64,18.59,2.717
30.69,27.47,21.75,20.09,2.384
30.82,25.36,25.53,18.29,2.681
28.92,27.14,24.6,19.34,3.163
30.92,25.6,25.5,17.98,2.787
30.16,25.57,25.65,18.62,2.795
29.08,26.3,31.19,13.43,2.51
29.7,28.81,24.35,17.14,3.001
27.9,25.61,33.07,13.42,2.584
28.08,26.37,31.56,13.99,2.551
28.49,24.39,30.37,16.75,2.617
29.52,25.31,28.62,16.55,2.656
28.68,25.16,29.5,16.66,2.781
27.89,25.33,32.06,14.72,2.679
31.07,27.44,27.99,13.5,2.741
28.77,27.17,27.93,16.13,2.63
28.06,27.75,29.01,15.18,2.727
28.94,25.74,31.02,14.3,2.671
31.36,25.19,26.74,16.71,2.368
31.61,27.06,23.36,17.97,2.119
31.13,27.46,23.45,17.96,2.082
29.92,26.25,29.17,14.66,2.553
31.26,27.63,27.34,13.77,2.542
28.13,27.31,29.18,15.38,2.641
28.42,27.38,28.61,15.59,2.664
29.15,25.76,30.3,14.79,2.742
29.11,27.38,28.96,14.55,2.874
29.07,27.36,27.62,15.95,2.625
28.86,26.87,28.25,16.02,2.725
30.78,26.68,26.58,15.96,2.444
30.84,25.85,26.99,16.32,2.676
30.48,26.34,27.06,16.12,3.226
31.42,26.99,25.18,16.41,2.358
28.15,25.63,29.94,16.28,2.821
27.54,25.73,31.7,15.03,3.198
28.17,27.05,28.06,16.72,2.974
28.67,27.16,27.43,16.74,2.959
28.18,26.19,28.41,17.22,2.969
28.98,26.45,30.67,13.9,2.735
27.69,27.71,27.92,16.68,2.667
28.46,27.34,27.6,16.6,2.763
28.06,26.62,28.81,16.51,2.848
28.05,26.33,27.76,17.86,3.054
28.66,27.78,28.48,15.08,2.924
27.13,26.88,30.21,15.78,3.061
26.84,27.5,29.91,15.75,3.092
27.12,26.35,29.68,16.85,3.234
27.29,28.58,26.98,17.15,3.451
27.26,27.92,28.53,16.29,3.095
30.98,28.64,24.41,15.97,3.095
27.32,27.14,29.19,16.35,2.812
29.02,29.46,23.94,17.58,3.28
27.94,28.91,25.16,17.99,3.046
26.22,29.46,26.01,18.31,3.012
28.63,27.24,28.53,15.6,2.612
29.96,27.31,27.64,15.09,2.529
27.91,27.63,28.35,16.11,2.534
27.74,27.56,29.22,15.48,2.497
28.86,27.05,26.71,17.38,2.668
30.19,25.88,28.12,15.81,2.81
31.41,25.22,26.98,16.39,2.732
29.26,24.91,26.8,19.03,2.707
28.96,26.31,28.81,15.92,2.696
26.98,26.93,29.04,17.05,3.2
25.54,26.51,32.44,15.51,3.094
28.63,28.15,27.08,16.14,3.338
26.58,27.51,28.35,17.56,3.161
29.33,27.03,27.75,15.89,2.725
26.25,29.25,29.36,15.14,3.44
29.13,28.62,24.68,17.57,2.662
27.25,27.89,31.73,13.13,2.893
25.63,28.66,26.94,18.77,3.326
27.45,27.58,29.47,15.5,2.851
31.16,28.43,24.87,15.54,3.22
27.3,28.51,27.29,16.9,2.681
27.95,28.88,24.97,18.2,2.777
28.89,25.92,30.67,14.52,3.058
29.7,27.87,26.23,16.2,3.106
28.59,26.87,29.41,15.13,2.941
28.71,26.54,28.03,16.72,2.943
28.57,27.15,27.58,16.7,3.205
29.05,28.19,25.64,17.12,3.592
28.29,28.05,26.11,17.55,3.357
26.16,29.18,25.87,18.79,3.389
31.48,26.74,25.09,16.69,3.152
30.59,27.18,24.4,17.83,3.143
31,26.96,24.74,17.3,3.182
27.38,25.42,29.34,17.86,3.283
28.1,27.42,27.45,17.03,2.885
27.96,29.48,22.84,19.72,2.546
31.4,29.27,18.06,21.27,2.885
30.03,28.94,20.03,21,3.021
30.54,28.53,18.6,22.33,3.079
31.85,25.95,24.53,17.67,2.825
31.55,26.14,24.45,17.86,2.768
31.16,28.74,20.15,19.95,2.967
31.52,26.55,25.58,16.35,2.88
31.83,25.7,25.39,17.08,2.701
31.9,25.94,24.96,17.2,2.867
30.57,26.77,23.19,19.47,2.934
29.78,26.87,22.83,20.52,2.912
31.94,28.52,19.94,19.6,2.712
29.7,27.59,22.73,19.98,3.514
30,27.58,22.57,19.85,2.981
29.9,26.72,23.43,19.95,3.012
30.04,27.84,21.44,20.68,3.084
28.62,28.23,22.31,20.84,3.009
27.2,28.3,23.69,20.81,3.18
30.15,28.74,19.73,21.38,2.982
27.04,30.53,19.48,22.95,3.047
28.98,28.69,22.2,20.13,3.103
29.58,28.9,21.76,19.76,2.983
29.89,28.51,23.49,18.11,2.929
30.04,28.15,24.01,17.8,3.043
31.55,26.69,25.11,16.65,2.762
31.68,27.46,23.58,17.28,2.743
33.48,27.37,23.07,16.08,2.765
30.3,27.76,25.2,16.74,2.952
30.63,25.24,26.48,17.65,2.533
28.88,25.83,26.27,19.02,2.675
28.58,26.04,28.21,17.17,2.791
28.4,26.71,25.37,19.52,2.88
29.41,26.08,25.78,18.73,2.829
31.52,24.98,26.29,17.21,2.486
31.52,24.75,25.94,17.79,2.367
30.76,24.85,27.13,17.26,2.37
30.84,26.04,25.57,17.55,2.447
30.6,26.22,26.26,16.92,2.734
30.81,26.12,24.94,18.13,2.661
29.12,26.55,28.18,16.15,3.085
28.13,27.13,31.08,13.66,2.564
29.57,27.94,23.46,19.03,3.187
28.9,28.34,23.88,18.88,3.239
29.02,26.6,27.45,16.93,2.696
27.92,27.41,28.89,15.78,2.809
32.79,26.53,24.64,16.04,2.888
30.36,26.82,25.56,17.26,2.699
28.65,27.51,27.41,16.43,2.732
28.57,27.37,26.8,17.26,2.8
28.07,27.38,27.05,17.5,2.948
29.02,26.46,26.78,17.74,2.914
29.28,26.88,26.64,17.2,2.834
29.19,27.39,26.86,16.56,2.921
28.57,26.89,27.47,17.07,2.965
28.11,27.24,26.59,18.06,2.974
27.91,27.64,26.41,18.04,2.983
28.52,26.89,27.12,17.47,2.991
28.4,27.48,29.09,15.03,2.773
28.25,27.46,28.5,15.79,2.787
29.84,27,26.8,16.36,2.727
29.02,27.19,27.94,15.85,2.775
28.7,27.73,27.23,16.34,2.625
29.03,28.25,25.56,17.16,2.919
32.61,26.97,24.82,15.6,2.837
29.14,26.53,29.33,15,2.76
29,27.34,27.72,15.94,2.743
29.08,27.77,25.82,17.33,2.852
26.3,28.52,27.64,17.54,2.668
29.87,27.68,25.76,16.69,2.783
30.5,27.37,25.3,16.83,2.815
30.68,27.31,24.06,17.95,2.472
28.41,27.82,27.53,16.24,2.988
31.29,27.66,23.79,17.26,2.321
29.25,27.38,25.26,18.11,2.724
29.04,27.92,25.01,18.03,2.818
29.38,27.59,24.54,18.49,2.888
29.65,27.59,24.26,18.5,2.991
30.43,27.06,28.43,14.08,2.858
28.86,27.02,28.02,16.1,2.686
29.37,26.85,26.75,17.03,2.545
29.65,26.61,26.8,16.94,2.803
29.78,27.39,24.9,17.93,2.779
29.58,26.71,25.57,18.14,2.968
28.92,28.15,28.7,14.23,3.235
28.94,26.76,28.6,15.7,2.919
28.8,27.44,27.9,15.86,2.934
28.73,27.12,27.78,16.37,3.29
29.05,26.9,30.33,13.72,2.906
28.22,27.34,26.96,17.48,2.959
27.95,27.65,26.96,17.44,2.921
29.46,26.46,26.98,17.1,2.708
31.53,27.95,22.38,18.14,2.922
30.48,27.21,23.93,18.38,2.817
30.49,27.25,24.05,18.21,2.723
30.16,26.9,25.37,17.57,3.015
29.76,28.18,27.22,14.84,3.366
29.75,26.51,26.37,17.37,2.977
30.18,26.86,25.91,17.05,2.997
32.78,27.75,22.95,16.52,2.54
29.28,27.62,24.47,18.63,3.158
29.44,28.14,24.79,17.63,3.136
28.62,28.09,26.92,16.37,2.948
29.61,27.45,26.31,16.63,2.882
31.18,26.58,24.8,17.44,2.829
29.34,27.53,25.71,17.42,2.853
29.29,28.57,21.71,20.43,2.8
28.84,29.27,20.48,21.41,2.725
29.7,28.24,23.38,18.68,2.982
28.81,28.66,24.6,17.93,3.453
25.72,30.16,25.29,18.83,3.07
29.5,28.45,26.25,15.8,2.904
29.35,26.81,26.74,17.1,2.575
31.31,25.22,28.33,15.14,2.62
31.63,26.14,26.41,15.82,2.633
30.47,28.38,25.37,15.78,2.848
29.96,27.27,26.13,16.64,2.728
30.22,27.79,24.33,17.66,2.751
28.51,27.91,25.23,18.35,3.11
28.34,28,24.22,19.44,3.122
30.43,28.3,23.17,18.1,2.653
29.72,26.2,28.73,15.35,2.782
31.32,27.35,24.13,17.2,2.626
29.04,25.95,27.76,17.25,2.945
32.16,27.53,23.39,16.92,2.725
30.7,25.93,26.45,16.92,2.739
31.45,26.36,25.69,16.5,2.909
29.49,25.59,27.33,17.59,2.896
30.72,27.18,26.97,15.13,2.911
30.92,27.08,26.2,15.8,2.707
31.49,27.4,23.94,17.17,2.875
31.41,27.2,24.15,17.24,2.89
31.75,26.8,24.91,16.54,2.749
32.04,27.36,23.71,16.89,2.707
30.55,27.39,24.29,17.77,2.765
32.46,27.2,22.44,17.9,2.517
32.27,27.07,23.1,17.56,2.504
30.76,26.64,25.11,17.49,2.849
30.82,28.33,23.94,16.91,2.97
31.64,28.09,23.26,17.01,2.609
33.14,27.75,21.7,17.41,2.324
32.73,27.47,21.56,18.24,2.497
31.57,28.08,22.79,17.56,2.737
29.77,27.43,25.55,17.25,2.879
29.31,28.11,25.92,16.66,2.877
28.14,28.43,26.29,17.14,3.169
28.39,28.15,24.86,18.6,3.037
28.39,28.15,24.86,18.6,3.037
29.9,27.39,24.37,18.34,2.842
29.81,27.48,25.38,17.33,2.823
28.74,27.23,26.26,17.77,2.798
29.94,27,25.28,17.78,2.735
27.49,28.36,24.26,19.89,2.77
28.29,27.78,25.51,18.42,2.755
29.34,26,29.08,15.58,2.874
28.7,26.21,29.24,15.85,3.104
28.8,26.61,28.18,16.41,2.908
29.42,28.61,23.45,18.52,3.021
30.1,27.54,26.21,16.15,3.144
29.53,28.44,22.66,19.37,2.993
29.36,27.89,25.12,17.63,2.911
28.2,26.69,28.44,16.67,2.902
30.75,27.24,23.47,18.54,2.272
28.28,26.51,28.47,16.74,2.941
28.58,27.25,26.17,18,2.832
28.52,27.29,28.15,16.04,2.929
28.93,27.21,29.06,14.8,2.868
31.11,26.54,26,16.35,2.718
30.35,25.74,28.44,15.47,3.419
30.39,27.6,20.94,21.07,2.311
30.73,26.35,27.32,15.6,2.735
29.83,27.18,27.6,15.39,2.799
29.83,26.97,28.18,15.02,3.343
30.04,26.97,25.38,17.61,2.811
29.68,27.43,26.36,16.53,2.904
30.05,27.38,25.54,17.03,2.916
30.33,26.15,28.87,14.65,2.66
30.39,27.77,26.26,15.58,2.983
29.68,26.54,27.34,16.44,2.538
28.55,26.06,28.56,16.83,3.136
29.93,26.05,27.59,16.43,3.035
30.29,26.1,26.45,17.16,3.072
30.08,27.15,24.52,18.25,2.967
28.84,26.98,26.75,17.43,2.978
28.38,27.25,27.52,16.85,3.002
28.9,27.64,28.34,15.12,3.444
28.75,26.42,28.41,16.42,2.804
28.83,26.67,27.6,16.9,2.846
26.14,27.39,30.64,15.83,3.32
28.16,26.5,28.94,16.4,2.758
30.15,27.5,25.59,16.76,3.267
29.57,25.45,28.46,16.52,2.449
30.23,24.25,30.54,14.98,2.361
29.22,25.68,28.65,16.45,2.438
28.34,28.19,27.21,16.26,4.083
29.8,26.29,29.46,14.45,2.728
29.85,26.67,27.37,16.11,3.335
28.77,26.35,29.39,15.49,2.944
27.92,25.87,28.59,17.62,2.86
28.28,26.64,25.38,19.7,2.9
28.16,28.52,25.35,17.97,3.453
27.21,26.96,25.47,20.36,2.868
29.24,26.59,26.44,17.73,2.462
30.21,26.65,23.9,19.24,2.661
27.32,28.1,27.59,16.99,3.191
27.61,25.93,30.4,16.06,2.533
27.9,26.22,29.97,15.91,2.469
26.55,26.88,31.24,15.33,2.739
28.19,25.94,30.01,15.86,2.71
28.44,25.92,31.12,14.52,2.408
27.77,26.59,30.48,15.16,2.485
28.4,26.91,29.92,14.77,2.269
28.11,26.52,31.16,14.21,2.421
28.29,26.49,30.93,14.29,2.313
28.76,26.03,30.42,14.79,2.876
27.66,26.92,30.64,14.78,2.419
28.19,25.81,31.29,14.71,2.869
28.22,25.48,32.03,14.27,2.827
27.74,26.46,30.03,15.77,2.66
28.19,26.41,31.53,13.87,2.869
29.34,25.22,30.44,15,2.676
30.94,26.01,26.62,16.43,2.618
30.39,27.53,24.32,17.76,2.88
29.83,27.79,24.02,18.36,2.767
27.51,27.73,27.23,17.53,2.89
30.44,27.58,23.63,18.35,2.754
29.83,28.64,23.68,17.85,2.717
30.66,27.83,23.56,17.95,2.725
29.66,27.92,24.14,18.28,2.673
28.78,28.54,23.86,18.82,2.666
29.94,28.13,22.78,19.15,2.608
27.49,26.33,30.56,15.62,2.748
30,28.22,23.75,18.03,2.776
29.71,28.09,23.37,18.83,2.687
29.79,28.51,23.02,18.68,2.587
30.27,28.01,22.38,19.34,2.666
29.45,28.01,23.42,19.12,2.486
29.86,27.94,23.02,19.18,2.637
29.15,27.94,24.27,18.64,2.499
28.27,28.43,24.79,18.51,2.584
29.52,27.94,23.78,18.76,2.602
29.5,28.11,23.29,19.1,2.509
29.84,27.93,23.37,18.86,2.523
29.62,28.18,23.62,18.58,2.478
29.74,28.16,23.07,19.03,2.553
29.85,28.03,24.73,17.39,2.558
30.28,27.92,23.77,18.03,2.55
30.13,27.76,24.24,17.87,2.523
29.8,27.52,24.33,18.35,2.541
29.67,28.14,24.49,17.7,2.602
29.74,28.25,22.41,19.6,2.465
29.6,28.14,23.27,18.99,2.665
29.72,28.17,23.9,18.21,2.468
28.94,28.56,24.04,18.46,2.532
29.13,27.92,24.58,18.37,2.45
29.48,27.52,25.36,17.64,2.739
29.91,28.07,23.25,18.77,2.05
29.36,28.44,23.29,18.91,2.037
27.53,26.61,31.09,14.77,2.45
30.09,28.07,23.38,18.46,2.048
29.56,28.23,24.26,17.95,2.008
30.06,28.65,21.61,19.68,2.272
28.31,28.96,24.6,18.13,2.167
27.05,27.16,29.27,16.52,2.401
29.84,28.35,23.06,18.75,2.217
28.66,28.31,24.14,18.89,2.029
27.88,28.55,24.27,19.3,2.124
28.26,28.06,26.6,17.08,2.442
28.98,27.97,25.22,17.83,2.176
28.8,26.84,28.33,16.03,2.236
28.57,27.82,26.33,17.28,2.432
28.7,26.94,28.3,16.06,2.288
31.23,26.44,25.93,16.4,2.57
29.82,28.61,23.19,18.38,2.67
30.93,28.9,20.82,19.35,2.706
27.97,27.13,28.83,16.07,2.553
30.37,26.67,26.76,16.2,2.692
30.65,28.13,23.65,17.57,2.613
28.78,27.28,27.65,16.29,2.429
27.3,28.19,28.62,15.89,2.508
27.72,27.35,28.67,16.26,2.438
30.06,29.1,21.66,19.18,2.475
30.89,28.59,21.23,19.29,2.586
30.11,29.1,22.32,18.47,2.496
28.39,27.03,28.15,16.43,2.433
29.85,29.46,21.42,19.27,2.529
28.52,27.16,27.76,16.56,2.504
28.85,29.56,21.56,20.03,2.701
27.09,27.79,28.43,16.69,2.364
30.04,28.86,22.09,19.01,2.381
28.56,27.36,28.09,15.99,2.326
30.01,29.3,21.55,19.14,2.252
27.91,27.83,27.68,16.58,2.247
31.4,28.61,20.48,19.51,2.322
26.94,27.24,29.09,16.73,2.586
30.23,29.14,20.89,19.74,2.296
26.48,26.99,30.17,16.36,2.635
30.39,28.82,21.45,19.34,2.348
28.31,27.15,28.41,16.13,2.372
28.16,27.06,28.74,16.04,2.336
29.81,29.15,21.02,20.02,2.376
29.81,29.15,21.02,20.02,2.376
27.58,27.26,29.15,16.01,2.518
31.42,28.33,20.19,20.06,2.262
28.05,27.05,28.52,16.38,2.536
30.08,28.95,20.42,20.55,2.371
27.8,27.28,27.59,17.33,2.681
30.74,28.81,21.17,19.28,2.542
28.11,27.09,28.85,15.95,2.463
30.61,29.02,20.64,19.73,2.28
28.88,26.31,28.04,16.77,2.62
30.76,28.47,22.71,18.06,2.427
28.65,26.46,28.21,16.68,2.649
30.01,28.21,23.9,17.88,2.692
26.81,26.81,28.88,17.5,2.68
29.12,28.16,24.17,18.55,2.53
28.45,26.75,28.1,16.7,2.679
29.72,27.91,26.22,16.15,2.695
31.07,28.58,21.55,18.8,2.531
27.06,27.15,28.92,16.87,2.584
29.87,27.98,22.22,19.93,2.622
26.61,28.13,29.46,15.8,2.621
28.87,28.49,22.66,19.98,2.753
27.47,26.98,29.85,15.7,2.44
27.28,27.16,29.11,16.45,2.49
29.54,28.62,22.6,19.24,2.676
27.58,28.99,25.02,18.41,2.273
27.78,28.4,25.96,17.86,2.539
26.72,29.23,25.99,18.06,2.355
28.24,28.69,26.26,16.81,2.987
28.33,28.45,27.56,15.66,3.035
29.6,28.78,26.22,15.4,2.88
27.93,27.94,28.2,15.93,2.7
27.61,27.7,27.15,17.54,2.496
27.32,27.74,26.36,18.58,2.585
29.02,29.22,23.17,18.59,2.449
27.56,28.38,25.08,18.98,2.502
27.15,28.93,24.44,19.48,2.674
29.41,26.3,28.95,15.34,2.63
29.68,28.79,20.46,21.07,2.118
28.43,29.09,21.33,21.15,2.068
28.4,29.31,20.14,22.15,2.102
28.62,28.29,24.89,18.2,2.029
28.06,26.78,29.74,15.42,2.465
27.47,27.17,29.14,16.22,2.458
26.33,28.7,28.85,16.12,3.165
27.06,27.39,29.91,15.64,2.756
26.65,28.11,28.4,16.84,2.773
26.8,27.82,28.26,17.12,2.854
26.35,28.74,27.99,16.92,3.17
25.98,28.52,29.15,16.35,2.87
25.18,28.84,28.8,17.18,2.911
29.18,27.47,26.06,17.29,2.785
28.39,27.92,27.75,15.94,2.608
31.13,24.7,28.85,15.32,2.748
29.66,26.01,29.98,14.35,2.944
29.58,26.18,28.18,16.06,2.629
26.61,28.33,26.26,18.8,3.313
29.94,29.38,20.38,20.3,2.827
28.19,27.67,26.73,17.41,2.867
28.18,27.72,26.72,17.38,2.877
29.2,26.75,26.77,17.28,2.784
28.23,27.72,27.61,16.44,2.953
27.92,26.53,29.99,15.56,2.506
28.59,26.99,28.26,16.16,2.549
28.88,28.28,26.83,16.01,2.502
28.28,27.09,28.23,16.4,2.679
27.6,27.06,28.97,16.37,2.711
27.9,27.01,29.13,15.96,2.647
27.54,25.51,32.16,14.79,2.766
28.22,26.74,28.9,16.14,2.896
28.4,26.21,29.76,15.63,2.857
28.64,26.5,28.99,15.87,2.718
27.41,27.21,29.37,16.01,2.886
28.98,28.09,27.55,15.38,2.79
27.97,29.04,26.57,16.42,2.865
28.75,27.78,27.97,15.5,3.145
29.46,27.49,28.02,15.03,3.049
29.25,28.27,22.97,19.51,2.648
29.52,27.42,25.97,17.09,2.584
29.35,26.96,28.7,14.99,2.589
28.65,27.07,29.77,14.51,2.932
28.5,27.61,28.02,15.87,2.961
27.9,26.3,30.17,15.63,2.756
27.86,26.72,29.61,15.81,2.798
30.11,25.35,26.4,18.14,2.87
28.47,25.61,29.51,16.41,2.806
29.25,25.91,27.23,17.61,2.611
30.71,26.46,25.61,17.22,2.692
30.04,26.73,27.72,15.51,2.661
30.8,27.52,24.91,16.77,2.912
31.32,25.37,25.86,17.45,2.734
29.49,26.34,28.08,16.09,2.768
29.56,26.59,27.29,16.56,2.643
31.46,27.67,20.93,19.94,2.43
28.78,29.15,27.15,14.92,2.035
28.39,27.34,27.62,16.65,2.286
29.9,26.9,26.34,16.86,2.686
29.71,26.39,28.26,15.64,2.742
31.32,26.77,25.29,16.62,2.638
31.64,27.83,23.68,16.85,2.742
26.69,24.9,34.08,14.33,2.948
